       -1200       -149.5 -9.15423e-15       104650
 1.83085e-14       -149.5        -1200       104650
 1.22465e-16           -1 -6.12323e-17          700
    -1202.21     -130.585 -9.15423e-15       119612
    -2.35413     -149.481        -1200       104679
  -0.0157467    -0.999876 -6.12323e-17      700.196
    -1204.11     -111.639 -9.15423e-15       104650
    -4.70767     -149.426        -1200       104650
  -0.0314895    -0.999504 -6.12323e-17          700
    -1205.72     -92.6639 -9.15423e-15       104650
    -7.06005     -149.333        -1200       104650
  -0.0472244    -0.998884 -6.12323e-17          700
    -1207.03     -73.6663 -9.15423e-15       118641
    -9.41068     -149.204        -1200       104759
  -0.0629477    -0.998017 -6.12323e-17       700.73
    -1208.04     -54.6504 -9.15423e-15       117304
     -11.759     -149.037        -1200       104773
  -0.0786553    -0.996902 -6.12323e-17      700.824
    -1208.75      -35.621 -9.15423e-15       104650
    -14.1043     -148.833        -1200       104650
  -0.0943435     -0.99554 -6.12323e-17          700
    -1209.16     -16.5828 -9.15423e-15       104650
    -16.4462     -148.593        -1200       104650
   -0.110008    -0.993931 -6.12323e-17          700
    -1209.27      2.45959 -9.15423e-15       104650
     -18.784     -148.315        -1200       104650
   -0.125646    -0.992075 -6.12323e-17          700
    -1209.09      21.5013 -9.15423e-15       104650
    -21.1172     -148.001        -1200       104650
   -0.141252    -0.989974 -6.12323e-17          700
     -1208.6      40.5378 -9.15423e-15       104650
    -23.4451      -147.65        -1200       104650
   -0.156823    -0.987627 -6.12323e-17          700
    -1207.81      59.5641 -9.15423e-15       117178
    -25.7672     -147.263        -1200       104917
   -0.172356    -0.985035 -6.12323e-17      701.788
    -1206.72      78.5757 -9.15423e-15       104650
    -28.0829     -146.839        -1200       104650
   -0.187845    -0.982199 -6.12323e-17          700
    -1205.33      97.5678 -9.15423e-15       104650
    -30.3916     -146.378        -1200       104650
   -0.203288    -0.979119 -6.12323e-17          700
    -1203.65      116.536 -9.15423e-15       116926
    -32.6928     -145.882        -1200       104983
   -0.218681    -0.975796 -6.12323e-17       702.23
    -1201.66      135.475 -9.15423e-15       104650
    -34.9859     -145.349        -1200       104650
    -0.23402    -0.972232 -6.12323e-17          700
    -1199.38       154.38 -9.15423e-15       104650
    -37.2703      -144.78        -1200       104650
     -0.2493    -0.968426 -6.12323e-17          700
     -1196.8      173.247 -9.15423e-15       104650
    -39.5455     -144.175        -1200       104650
   -0.264519    -0.964381 -6.12323e-17          700
    -1193.93      192.072 -9.15423e-15       104650
    -41.8109     -143.534        -1200       104650
   -0.279672    -0.960096 -6.12323e-17          700
    -1190.75      210.848 -9.15423e-15       104650
    -44.0659     -142.858        -1200       104650
   -0.294755    -0.955573 -6.12323e-17          700
    -1187.29      229.572 -9.15423e-15       117834
      -46.31     -142.147        -1200       105164
   -0.309766    -0.950813 -6.12323e-17       703.44
    -1183.52       248.24 -9.15423e-15       104650
    -48.5426       -141.4        -1200       104650
   -0.324699    -0.945817 -6.12323e-17          700
    -1179.47      266.845 -9.15423e-15       104650
    -50.7631     -140.618        -1200       104650
   -0.339553    -0.940587 -6.12323e-17          700
    -1175.12      285.385 -9.15423e-15       104650
    -52.9711     -139.801        -1200       104650
   -0.354322    -0.935124 -6.12323e-17          700
    -1170.48      303.854 -9.15423e-15       104650
    -55.1659      -138.95        -1200       104650
   -0.369003    -0.929428 -6.12323e-17          700
    -1165.55      322.247 -9.15423e-15       117668
    -57.3471     -138.064        -1200       105290
   -0.383593    -0.923502 -6.12323e-17      704.284
    -1160.33      340.561 -9.15423e-15       104650
     -59.514     -137.143        -1200       104650
   -0.398087    -0.917348 -6.12323e-17          700
    -1154.82       358.79 -9.15423e-15       104650
    -61.6662     -136.189        -1200       104650
   -0.412483    -0.910965 -6.12323e-17          700
    -1149.03       376.93 -9.15423e-15       104650
    -63.8031     -135.201        -1200       104650
   -0.426776    -0.904357 -6.12323e-17          700
    -1142.95      394.977 -9.15423e-15       104650
    -65.9241      -134.18        -1200       104650
   -0.440964    -0.897525 -6.12323e-17          700
    -1136.59      412.926 -9.15423e-15       104650
    -68.0289     -133.125        -1200       104650
   -0.455043     -0.89047 -6.12323e-17          700
    -1129.95      430.772 -9.15423e-15       104650
    -70.1167     -132.037        -1200       104650
   -0.469008    -0.883194 -6.12323e-17          700
    -1123.03      448.512 -9.15423e-15       104650
    -72.1872     -130.917        -1200       104650
   -0.482857    -0.875699 -6.12323e-17          700
    -1115.82       466.14 -9.15423e-15       104650
    -74.2397     -129.764        -1200       104650
   -0.496587    -0.867987 -6.12323e-17          700
    -1108.35      483.653 -9.15423e-15       104650
    -76.2739     -128.579        -1200       104650
   -0.510193     -0.86006 -6.12323e-17          700
    -1100.59      501.046 -9.15423e-15       104650
    -78.2891     -127.362        -1200       104650
   -0.523673    -0.851919 -6.12323e-17          700
    -1092.57      518.314 -9.15423e-15       104650
    -80.2849     -126.113        -1200       104650
   -0.537023    -0.843568 -6.12323e-17          700
    -1084.27      535.454 -9.15423e-15       104650
    -82.2608     -124.834        -1200       104650
    -0.55024    -0.835007 -6.12323e-17          700
     -1075.7      552.461 -9.15423e-15       104650
    -84.2163     -123.523        -1200       104650
    -0.56332    -0.826239 -6.12323e-17          700
    -1066.87      569.332 -9.15423e-15       104650
     -86.151     -122.181        -1200       104650
   -0.576261    -0.817266 -6.12323e-17          700
    -1057.77      586.061 -9.15423e-15       104650
    -88.0642      -120.81        -1200       104650
   -0.589059     -0.80809 -6.12323e-17          700
    -1048.41      602.644 -9.15423e-15       116636
    -89.9557     -119.408        -1200       105678
    -0.60171    -0.798714 -6.12323e-17      706.879
    -1038.79      619.079 -9.15423e-15       104650
    -91.8248     -117.977        -1200       104650
   -0.614213    -0.789141 -6.12323e-17          700
    -1028.92       635.36 -9.15423e-15       104650
    -93.6712     -116.516        -1200       104650
   -0.626563    -0.779371 -6.12323e-17          700
    -1018.78      651.483 -9.15423e-15       104650
    -95.4943     -115.026        -1200       104650
   -0.638758    -0.769408 -6.12323e-17          700
     -1008.4      667.444 -9.15423e-15       104650
    -97.2937     -113.509        -1200       104650
   -0.650794    -0.759254 -6.12323e-17          700
    -997.764      683.241 -9.15423e-15       115785
     -99.069     -111.962        -1200       105756
   -0.662669    -0.748912 -6.12323e-17      707.395
    -986.881      698.867 -9.15423e-15       104650
     -100.82     -110.388        -1200       104650
    -0.67438    -0.738385 -6.12323e-17          700
    -975.754      714.321 -9.15423e-15       104650
    -102.546     -108.787        -1200       104650
   -0.685923    -0.727674 -6.12323e-17          700
    -964.385      729.597 -9.15423e-15       104650
    -104.246     -107.159        -1200       104650
   -0.697297    -0.716783 -6.12323e-17          700
    -952.777      744.693 -9.15423e-15       104650
     -105.92     -105.504        -1200       104650
   -0.708497    -0.705714 -6.12323e-17          700
    -940.932      759.603 -9.15423e-15       116009
    -107.569     -103.823        -1200       105949
   -0.719522     -0.69447 -6.12323e-17      708.686
    -928.854      774.326 -9.15423e-15       104650
     -109.19     -102.116        -1200       104650
   -0.730368    -0.683053 -6.12323e-17          700
    -916.546      788.856 -9.15423e-15       114186
    -110.785     -100.384        -1200       105803
   -0.741034    -0.671468 -6.12323e-17       707.71
     -904.01      803.191 -9.15423e-15       104650
    -112.352     -98.6275        -1200       104650
   -0.751515    -0.659716 -6.12323e-17          700
    -891.251      817.326 -9.15423e-15       104650
    -113.891     -96.8461        -1200       104650
    -0.76181      -0.6478 -6.12323e-17          700
     -878.27      831.259 -9.15423e-15       104650
    -115.402     -95.0407        -1200       104650
   -0.771917    -0.635724 -6.12323e-17          700
    -865.072      844.986 -9.15423e-15       104650
    -116.884     -93.2117        -1200       104650
   -0.781831     -0.62349 -6.12323e-17          700
    -851.659      858.503 -9.15423e-15       104650
    -118.337     -91.3596        -1200       104650
   -0.791552    -0.611101 -6.12323e-17          700
    -838.034      871.808 -9.15423e-15       114232
    -119.761     -89.4849        -1200       106019
   -0.801077    -0.598561 -6.12323e-17      709.159
    -824.202      884.896 -9.15423e-15       104650
    -121.155      -87.588        -1200       104650
   -0.810403    -0.585873 -6.12323e-17          700
    -810.166      897.765 -9.15423e-15       104650
    -122.519     -85.6693        -1200       104650
   -0.819528    -0.573039 -6.12323e-17          700
    -795.929      910.411 -9.15423e-15       104650
    -123.853     -83.7294        -1200       104650
    -0.82845    -0.560063 -6.12323e-17          700
    -781.494      922.831 -9.15423e-15       104650
    -125.156     -81.7687        -1200       104650
   -0.837166    -0.546948 -6.12323e-17          700
    -766.866      935.023 -9.15423e-15       104650
    -126.428     -79.7878        -1200       104650
   -0.845675    -0.533698 -6.12323e-17          700
    -752.047      946.982 -9.15423e-15       104650
    -127.669     -77.7871        -1200       104650
   -0.853974    -0.520315 -6.12323e-17          700
    -737.042      958.707 -9.15423e-15       104650
    -128.878     -75.7671        -1200       104650
   -0.862062    -0.506803 -6.12323e-17          700
    -721.854      970.194 -9.15423e-15       104650
    -130.055     -73.7283        -1200       104650
   -0.869935    -0.493166 -6.12323e-17          700
    -706.487      981.441 -9.15423e-15       111818
      -131.2     -71.6712        -1200       105981
   -0.877593    -0.479406 -6.12323e-17      708.904
    -690.945      992.444 -9.15423e-15       104650
    -132.313     -69.5963        -1200       104650
   -0.885033    -0.465527 -6.12323e-17          700
    -675.232       1003.2 -9.15423e-15       104650
    -133.392     -67.5042        -1200       104650
   -0.892254    -0.451533 -6.12323e-17          700
    -659.351      1013.71 -9.15423e-15       104650
    -134.438     -65.3954        -1200       104650
   -0.899254    -0.437427 -6.12323e-17          700
    -643.307      1023.97 -9.15423e-15       104650
    -135.452     -63.2703        -1200       104650
    -0.90603    -0.423213 -6.12323e-17          700
    -627.103      1033.97 -9.15423e-15       111535
    -136.431     -61.1296        -1200       106148
   -0.912582    -0.408893 -6.12323e-17       710.02
    -610.744      1043.72 -9.15423e-15       104650
    -137.377     -58.9736        -1200       104650
   -0.918908    -0.394473 -6.12323e-17          700
    -594.233       1053.2 -9.15423e-15       104650
    -138.288     -56.8031        -1200       104650
   -0.925005    -0.379954 -6.12323e-17          700
    -577.575      1062.43 -9.15423e-15       104650
    -139.166     -54.6185        -1200       104650
   -0.930874    -0.365341 -6.12323e-17          700
    -560.773      1071.39 -9.15423e-15       104650
    -140.008     -52.4203        -1200       104650
   -0.936511    -0.350638 -6.12323e-17          700
    -543.833      1080.09 -9.15423e-15       104650
    -140.817     -50.2091        -1200       104650
   -0.941917    -0.335847 -6.12323e-17          700
    -526.758      1088.52 -9.15423e-15       104650
     -141.59     -47.9855        -1200       104650
   -0.947088    -0.320973 -6.12323e-17          700
    -509.552      1096.68 -9.15423e-15       104650
    -142.328       -45.75        -1200       104650
   -0.952025     -0.30602 -6.12323e-17          700
     -492.22      1104.57 -9.15423e-15       110796
    -143.031     -43.5031        -1200       106436
   -0.956726    -0.290991 -6.12323e-17      711.945
    -474.765      1112.18 -9.15423e-15       104650
    -143.698     -41.2455        -1200       104650
   -0.961189     -0.27589 -6.12323e-17          700
    -457.193      1119.52 -9.15423e-15       104650
    -144.329     -38.9776        -1200       104650
   -0.965414     -0.26072 -6.12323e-17          700
    -439.508      1126.58 -9.15423e-15       104650
    -144.925     -36.7001        -1200       104650
     -0.9694    -0.245485 -6.12323e-17          700
    -421.714      1133.36 -9.15423e-15       104650
    -145.485     -34.4134        -1200       104650
   -0.973146     -0.23019 -6.12323e-17          700
    -403.815      1139.86 -9.15423e-15       104650
    -146.009     -32.1183        -1200       104650
    -0.97665    -0.214838 -6.12323e-17          700
    -385.815      1146.08 -9.15423e-15       104650
    -146.497     -29.8151        -1200       104650
   -0.979912    -0.199432 -6.12323e-17          700
    -367.721      1152.01 -9.15423e-15       104650
    -146.948     -27.5046        -1200       104650
   -0.982931    -0.183977 -6.12323e-17          700
    -349.535      1157.66 -9.15423e-15       104650
    -147.363     -25.1872        -1200       104650
   -0.985706    -0.168476 -6.12323e-17          700
    -331.262      1163.02 -9.15423e-15       108202
    -147.741     -22.8636        -1200       106234
   -0.988236    -0.152934 -6.12323e-17      710.596
    -312.907      1168.09 -9.15423e-15       108474
    -148.083     -20.5344        -1200       106459
   -0.990522    -0.137354 -6.12323e-17      712.104
    -294.475      1172.87 -9.15423e-15       104650
    -148.388        -18.2        -1200       104650
   -0.992562    -0.121739 -6.12323e-17          700
     -275.97      1177.37 -9.15423e-15       104650
    -148.656     -15.8611        -1200       104650
   -0.994356    -0.106094 -6.12323e-17          700
    -257.396      1181.57 -9.15423e-15       104650
    -148.888     -13.5183        -1200       104650
   -0.995903   -0.0904235 -6.12323e-17          700
    -238.758      1185.47 -9.15423e-15       104650
    -149.082     -11.1721        -1200       104650
   -0.997204   -0.0747301 -6.12323e-17          700
    -220.061      1189.09 -9.15423e-15       107271
    -149.239     -8.82322        -1200       106428
   -0.998257   -0.0590182 -6.12323e-17       711.89
     -201.31       1192.4 -9.15423e-15       104650
     -149.36      -6.4721        -1200       104650
   -0.999062   -0.0432916 -6.12323e-17          700
    -182.508      1195.42 -9.15423e-15       106574
    -149.443     -4.11937        -1200       106226
    -0.99962   -0.0275543 -6.12323e-17       710.54
    -163.662      1198.15 -9.15423e-15       106389
     -149.49     -1.76563        -1200       106239
    -0.99993   -0.0118102 -6.12323e-17      710.626
    -144.775      1200.58 -9.15423e-15       106202
    -149.499     0.588555        -1200       106253
   -0.999992   0.00393682 -6.12323e-17      710.723
    -125.852      1202.71 -9.15423e-15       104650
    -149.471      2.94259        -1200       104650
   -0.999806    0.0196829 -6.12323e-17          700
    -106.897      1204.54 -9.15423e-15       104650
    -149.406       5.2959        -1200       104650
   -0.999372    0.0354241 -6.12323e-17          700
    -87.9165      1206.08 -9.15423e-15       104650
    -149.304       7.6479        -1200       104650
   -0.998691    0.0511565 -6.12323e-17          700
    -68.9139      1207.31 -9.15423e-15       104650
    -149.165      9.99799        -1200       104650
   -0.997761    0.0668762 -6.12323e-17          700
    -49.8942      1208.25 -9.15423e-15       104650
    -148.989      12.3456        -1200       104650
   -0.996584    0.0825793 -6.12323e-17          700
    -30.8621      1208.88 -9.15423e-15       104971
    -148.777      14.6902        -1200       106196
   -0.995161     0.098262 -6.12323e-17       710.34
    -11.8224      1209.22 -9.15423e-15       104650
    -148.527      17.0311        -1200       104650
    -0.99349      0.11392 -6.12323e-17          700
     7.22027      1209.26 -9.15423e-15       104650
     -148.24      19.3678        -1200       104650
   -0.991573      0.12955 -6.12323e-17          700
     26.2611      1208.99 -9.15423e-15       104650
    -147.917      21.6997        -1200       104650
    -0.98941     0.145148 -6.12323e-17          700
     45.2955      1208.43 -9.15423e-15       104650
    -147.557      24.0262        -1200       104650
   -0.987002      0.16071 -6.12323e-17          700
     64.3186      1207.57 -9.15423e-15       104650
     -147.16      26.3467        -1200       104650
   -0.984349     0.176232 -6.12323e-17          700
     83.3258       1206.4 -9.15423e-15       104650
    -146.727      28.6607        -1200       104650
   -0.981451     0.191711 -6.12323e-17          700
     102.312      1204.94 -9.15423e-15       103398
    -146.257      30.9676        -1200       106440
   -0.978311     0.207141 -6.12323e-17      711.971
     121.273      1203.18 -9.15423e-15       104650
    -145.752      33.2669        -1200       104650
   -0.974928     0.222521 -6.12323e-17          700
     140.204      1201.12 -9.15423e-15       103161
     -145.21      35.5579        -1200       106192
   -0.971303     0.237845 -6.12323e-17      710.313
     159.101      1198.76 -9.15423e-15       102916
    -144.632        37.84        -1200       106227
   -0.967437     0.253111 -6.12323e-17      710.545
     177.958      1196.11 -9.15423e-15       104650
    -144.018      40.1128        -1200       104650
   -0.963332     0.268313 -6.12323e-17          700
      196.77      1193.16 -9.15423e-15       104650
    -143.369      42.3756        -1200       104650
   -0.958987     0.283449 -6.12323e-17          700
     215.534      1189.91 -9.15423e-15       102099
    -142.684       44.628        -1200       106339
   -0.954405     0.298515 -6.12323e-17      711.298
     234.245      1186.37 -9.15423e-15       104650
    -141.963      46.8692        -1200       104650
   -0.949586     0.313507 -6.12323e-17          700
     252.897      1182.54 -9.15423e-15       104650
    -141.207      49.0989        -1200       104650
   -0.944532      0.32842 -6.12323e-17          700
     271.487      1178.41 -9.15423e-15       104650
    -140.417      51.3163        -1200       104650
   -0.939243     0.343253 -6.12323e-17          700
     290.009      1173.99 -9.15423e-15       104650
    -139.591      53.5211        -1200       104650
   -0.933721        0.358 -6.12323e-17          700
      308.46      1169.27 -9.15423e-15       104650
    -138.731      55.7125        -1200       104650
   -0.927968     0.372659 -6.12323e-17          700
     326.833      1164.27 -9.15423e-15       104650
    -137.837      57.8902        -1200       104650
   -0.921985     0.387225 -6.12323e-17          700
     345.126      1158.98 -9.15423e-15       104650
    -136.908      60.0535        -1200       104650
   -0.915773     0.401695 -6.12323e-17          700
     363.334       1153.4 -9.15423e-15       100349
    -135.945      62.2019        -1200       106259
   -0.909334     0.416066 -6.12323e-17      710.763
     381.451      1147.54 -9.15423e-15       104650
    -134.949      64.3348        -1200       104650
    -0.90267     0.430333 -6.12323e-17          700
     399.474      1141.39 -9.15423e-15       104650
    -133.919      66.4519        -1200       104650
   -0.895782     0.444494 -6.12323e-17          700
     417.397      1134.96 -9.15423e-15       104650
    -132.856      68.5524        -1200       104650
   -0.888671     0.458545 -6.12323e-17          700
     435.217      1128.24 -9.15423e-15       104650
     -131.76       70.636        -1200       104650
   -0.881341     0.472481 -6.12323e-17          700
     452.929      1121.25 -9.15423e-15       104650
    -130.632       72.702        -1200       104650
   -0.873791     0.486301 -6.12323e-17          700
     470.529      1113.98 -9.15423e-15       104650
    -129.471        74.75        -1200       104650
   -0.866025          0.5 -6.12323e-17          700
     488.012      1106.43 -9.15423e-15       104650
    -128.278      76.7795        -1200       104650
   -0.858045     0.513575 -6.12323e-17          700
     505.374      1098.61 -9.15423e-15       104650
    -127.053      78.7899        -1200       104650
   -0.849851     0.527023 -6.12323e-17          700
     522.611      1090.52 -9.15423e-15        99255
    -125.796      80.7808        -1200       105949
   -0.841447      0.54034 -6.12323e-17      708.686
     539.719      1082.15 -9.15423e-15       104650
    -124.509      82.7516        -1200       104650
   -0.832834     0.553523 -6.12323e-17          700
     556.692      1073.52 -9.15423e-15        97920
     -123.19       84.702        -1200       106139
   -0.824015     0.566568 -6.12323e-17      709.962
     573.527      1064.62 -9.15423e-15       104650
    -121.841      86.6313        -1200       104650
   -0.814991     0.579474 -6.12323e-17          700
      590.22      1055.46 -9.15423e-15       104650
    -120.462      88.5392        -1200       104650
   -0.805765     0.592235 -6.12323e-17          700
     606.767      1046.03 -9.15423e-15       104650
    -119.053      90.4251        -1200       104650
   -0.796339      0.60485 -6.12323e-17          700
     623.163      1036.35 -9.15423e-15       104650
    -117.614      92.2885        -1200       104650
   -0.786716     0.617315 -6.12323e-17          700
     639.405      1026.41 -9.15423e-15       104650
    -116.146      94.1291        -1200       104650
   -0.776898     0.629626 -6.12323e-17          700
     655.489      1016.21 -9.15423e-15       104650
     -114.65      95.9464        -1200       104650
   -0.766887     0.641782 -6.12323e-17          700
     671.409      1005.76 -9.15423e-15       104650
    -113.125      97.7398        -1200       104650
   -0.756686     0.653778 -6.12323e-17          700
     687.163      995.066 -9.15423e-15       104650
    -111.571      99.5091        -1200       104650
   -0.746298     0.665612 -6.12323e-17          700
     702.747      984.122 -9.15423e-15       104650
    -109.991      101.254        -1200       104650
   -0.735724     0.677282 -6.12323e-17          700
     718.157      972.934 -9.15423e-15       104650
    -108.383      102.973        -1200       104650
   -0.724968     0.688783 -6.12323e-17          700
     733.388      961.505 -9.15423e-15       104650
    -106.748      104.667        -1200       104650
   -0.714032     0.700113 -6.12323e-17          700
     748.438      949.837 -9.15423e-15       104650
    -105.086      106.335        -1200       104650
   -0.702919      0.71127 -6.12323e-17          700
     763.302      937.934 -9.15423e-15        95912
    -103.399      107.976        -1200       105834
   -0.691632     0.722251 -6.12323e-17      707.918
     777.976      925.799 -9.15423e-15       104650
    -101.686      109.591        -1200       104650
   -0.680173     0.733052 -6.12323e-17          700
     792.458      913.433 -9.15423e-15       104650
    -99.9475      111.179        -1200       104650
   -0.668545     0.743671 -6.12323e-17          700
     806.744      900.841 -9.15423e-15       104650
    -98.1844      112.739        -1200       104650
   -0.656752     0.754107 -6.12323e-17          700
     820.829      888.026 -9.15423e-15       104650
     -96.397      114.271        -1200       104650
   -0.644796     0.764355 -6.12323e-17          700
      834.71      874.991 -9.15423e-15       104650
    -94.5856      115.775        -1200       104650
    -0.63268     0.774413 -6.12323e-17          700
     848.385      861.738 -9.15423e-15       104650
    -92.7509       117.25        -1200       104650
   -0.620407      0.78428 -6.12323e-17          700
     861.849      848.272 -9.15423e-15       104650
    -90.8931      118.696        -1200       104650
    -0.60798     0.793952 -6.12323e-17          700
       875.1      834.596 -9.15423e-15       104650
    -89.0127      120.112        -1200       104650
   -0.595403     0.803427 -6.12323e-17          700
     888.134      820.712 -9.15423e-15       104650
    -87.1103      121.499        -1200       104650
   -0.582678     0.812703 -6.12323e-17          700
     900.947      806.625 -9.15423e-15      93437.9
    -85.1863      122.856        -1200       105710
   -0.569808     0.821778 -6.12323e-17      707.091
     913.537      792.339 -9.15423e-15       104650
    -83.2412      124.182        -1200       104650
   -0.556797     0.830649 -6.12323e-17          700
       925.9      777.855 -9.15423e-15      94646.9
    -81.2754      125.477        -1200       105528
   -0.543648     0.839313 -6.12323e-17      705.873
     938.034      763.179 -9.15423e-15       104650
    -79.2895      126.742        -1200       104650
   -0.530364      0.84777 -6.12323e-17          700
     949.936      748.313 -9.15423e-15       104650
    -77.2839      127.974        -1200       104650
   -0.516949     0.856016 -6.12323e-17          700
     961.601      733.262 -9.15423e-15      93123.2
    -75.2591      129.176        -1200       105552
   -0.503406      0.86405 -6.12323e-17      706.034
     973.028      718.029 -9.15423e-15      92849.6
    -73.2157      130.345        -1200       105538
   -0.489737      0.87187 -6.12323e-17      705.939
     984.214      702.618 -9.15423e-15      92727.6
    -71.1541      131.481        -1200       105512
   -0.475947     0.879474 -6.12323e-17      705.765
     995.156      687.033 -9.15423e-15       104650
    -69.0749      132.585        -1200       104650
    -0.46204     0.886859 -6.12323e-17          700
     1005.85      671.277 -9.15423e-15      94449.3
    -66.9786      133.657        -1200       105329
   -0.448017     0.894025 -6.12323e-17      704.543
      1016.3      655.355 -9.15423e-15       104650
    -64.8656      134.695        -1200       104650
   -0.433884     0.900969 -6.12323e-17          700
     1026.49      639.271 -9.15423e-15       104650
    -62.7366        135.7        -1200       104650
   -0.419643     0.907689 -6.12323e-17          700
     1036.43      623.028 -9.15423e-15       104650
     -60.592      136.671        -1200       104650
   -0.405298     0.914185 -6.12323e-17          700
     1046.11       606.63 -9.15423e-15       104650
    -58.4324      137.608        -1200       104650
   -0.390852     0.920454 -6.12323e-17          700
     1055.53      590.082 -9.15423e-15      92990.9
    -56.2583      138.511        -1200       105271
   -0.376309     0.926494 -6.12323e-17      704.157
      1064.7      573.388 -9.15423e-15       104650
    -54.0702       139.38        -1200       104650
   -0.361674     0.932305 -6.12323e-17          700
     1073.59      556.551 -9.15423e-15       104650
    -51.8687      140.214        -1200       104650
   -0.346948     0.937884 -6.12323e-17          700
     1082.22      539.577 -9.15423e-15       104650
    -49.6544      141.013        -1200       104650
   -0.332136     0.943231 -6.12323e-17          700
     1090.59      522.468 -9.15423e-15       104650
    -47.4277      141.777        -1200       104650
   -0.317242     0.948344 -6.12323e-17          700
     1098.68      505.231 -9.15423e-15      91357.3
    -45.1893      142.507        -1200       105197
    -0.30227     0.953222 -6.12323e-17      703.657
      1106.5      487.867 -9.15423e-15       104650
    -42.9397      143.201        -1200       104650
   -0.287222     0.957864 -6.12323e-17          700
     1114.04      470.383 -9.15423e-15       104650
    -40.6795      143.859        -1200       104650
   -0.272103     0.962268 -6.12323e-17          700
     1121.31      452.782 -9.15423e-15       104650
    -38.4091      144.482        -1200       104650
   -0.256917     0.966433 -6.12323e-17          700
      1128.3      435.069 -9.15423e-15      91728.6
    -36.1293      145.069        -1200       105064
   -0.241667     0.970359 -6.12323e-17      702.768
     1135.01      417.248 -9.15423e-15       104650
    -33.8404       145.62        -1200       104650
   -0.226357     0.974044 -6.12323e-17          700
     1141.44      399.324 -9.15423e-15       104650
    -31.5432      146.134        -1200       104650
   -0.210991     0.977488 -6.12323e-17          700
     1147.59      381.301 -9.15423e-15      92541.4
    -29.2382      146.613        -1200       104959
   -0.195573     0.980689 -6.12323e-17      702.064
     1153.45      363.183 -9.15423e-15      92198.4
    -26.9259      147.055        -1200       104941
   -0.180106     0.983647 -6.12323e-17      701.944
     1159.03      344.975 -9.15423e-15       104650
    -24.6069      147.461        -1200       104650
   -0.164595     0.986361 -6.12323e-17          700
     1164.32      326.681 -9.15423e-15      92515.3
    -22.2818       147.83        -1200       104882
   -0.149042     0.988831 -6.12323e-17      701.553
     1169.31      308.306 -9.15423e-15       104650
    -19.9512      148.163        -1200       104650
   -0.133453     0.991055 -6.12323e-17          700
     1174.02      289.855 -9.15423e-15       104650
    -17.6157      148.459        -1200       104650
   -0.117831     0.993034 -6.12323e-17          700
     1178.44      271.332 -9.15423e-15       104650
    -15.2758      148.718        -1200       104650
   -0.102179     0.994766 -6.12323e-17          700
     1182.57      252.742 -9.15423e-15       104650
    -12.9321       148.94        -1200       104650
  -0.0865021     0.996252 -6.12323e-17          700
      1186.4      234.089 -9.15423e-15       104650
    -10.5852      149.125        -1200       104650
  -0.0708037      0.99749 -6.12323e-17          700
     1189.94      215.378 -9.15423e-15       104650
    -8.23562      149.273        -1200       104650
  -0.0550878     0.998482 -6.12323e-17          700
     1193.19      196.614 -9.15423e-15      91274.9
    -5.88404      149.384        -1200       104716
  -0.0393582     0.999225 -6.12323e-17      700.441
     1196.13      177.801 -9.15423e-15      91430.2
    -3.53101      149.458        -1200       104689
  -0.0236188     0.999721 -6.12323e-17      700.261
     1198.79      158.944 -9.15423e-15       104650
     -1.1771      149.495        -1200       104650
 -0.00787358     0.999969 -6.12323e-17          700
     1201.14      140.047 -9.15423e-15      91597.9
      1.1771      149.495        -1200       104637
  0.00787358     0.999969 -6.12323e-17      699.914
      1203.2      121.116 -9.15423e-15       104650
     3.53101      149.458        -1200       104650
   0.0236188     0.999721 -6.12323e-17          700
     1204.95      102.154 -9.15423e-15       104650
     5.88404      149.384        -1200       104650
   0.0393582     0.999225 -6.12323e-17          700
     1206.41      83.1677 -9.15423e-15       104650
     8.23562      149.273        -1200       104650
   0.0550878     0.998482 -6.12323e-17          700
     1207.57      64.1604 -9.15423e-15      92450.2
     10.5852      149.125        -1200       104543
   0.0708037      0.99749 -6.12323e-17      699.285
     1208.43      45.1371 -9.15423e-15      89594.2
     12.9321       148.94        -1200       104489
   0.0865021     0.996252 -6.12323e-17      698.922
     1208.99      26.1027 -9.15423e-15       104650
     15.2758      148.718        -1200       104650
    0.102179     0.994766 -6.12323e-17          700
     1209.26      7.06181 -9.15423e-15       104650
     17.6157      148.459        -1200       104650
    0.117831     0.993034 -6.12323e-17          700
     1209.22     -11.9808 -9.15423e-15       104650
     19.9512      148.163        -1200       104650
    0.133453     0.991055 -6.12323e-17          700
     1208.88     -31.0205 -9.15423e-15      90909.4
     22.2818       147.83        -1200       104397
    0.149042     0.988831 -6.12323e-17      698.306
     1208.24     -50.0525 -9.15423e-15       104650
     24.6069      147.461        -1200       104650
    0.164595     0.986361 -6.12323e-17          700
      1207.3     -69.0721 -9.15423e-15        91941
     26.9259      147.055        -1200       104367
    0.180106     0.983647 -6.12323e-17      698.104
     1206.07     -88.0745 -9.15423e-15       104650
     29.2382      146.613        -1200       104650
    0.195573     0.980689 -6.12323e-17          700
     1204.53     -107.055 -9.15423e-15      91945.5
     31.5432      146.134        -1200       104317
    0.210991     0.977488 -6.12323e-17      697.775
     1202.69     -126.009 -9.15423e-15       104650
     33.8404       145.62        -1200       104650
    0.226357     0.974044 -6.12323e-17          700
     1200.56     -144.932 -9.15423e-15       104650
     36.1293      145.069        -1200       104650
    0.241667     0.970359 -6.12323e-17          700
     1198.13     -163.819 -9.15423e-15        90242
     38.4091      144.482        -1200       104188
    0.256917     0.966433 -6.12323e-17       696.91
      1195.4     -182.665 -9.15423e-15       104650
     40.6795      143.859        -1200       104650
    0.272103     0.962268 -6.12323e-17          700
     1192.38     -201.466 -9.15423e-15       104650
     42.9397      143.201        -1200       104650
    0.287222     0.957864 -6.12323e-17          700
     1189.06     -220.217 -9.15423e-15       104650
     45.1893      142.507        -1200       104650
     0.30227     0.953222 -6.12323e-17          700
     1185.44     -238.913 -9.15423e-15       104650
     47.4277      141.777        -1200       104650
    0.317242     0.948344 -6.12323e-17          700
     1181.53     -257.551 -9.15423e-15       104650
     49.6544      141.013        -1200       104650
    0.332136     0.943231 -6.12323e-17          700
     1177.33     -276.124 -9.15423e-15      91293.5
     51.8687      140.214        -1200       104062
    0.346948     0.937884 -6.12323e-17      696.064
     1172.84     -294.629 -9.15423e-15       104650
     54.0702       139.38        -1200       104650
    0.361674     0.932305 -6.12323e-17          700
     1168.05      -313.06 -9.15423e-15       104650
     56.2583      138.511        -1200       104650
    0.376309     0.926494 -6.12323e-17          700
     1162.98     -331.414 -9.15423e-15      92149.8
     58.4324      137.608        -1200       104022
    0.390852     0.920454 -6.12323e-17      695.799
     1157.61     -349.686 -9.15423e-15       104650
      60.592      136.671        -1200       104650
    0.405298     0.914185 -6.12323e-17          700
     1151.96     -367.872 -9.15423e-15       104650
     62.7366        135.7        -1200       104650
    0.419643     0.907689 -6.12323e-17          700
     1146.03     -385.966 -9.15423e-15       104650
     64.8656      134.695        -1200       104650
    0.433884     0.900969 -6.12323e-17          700
     1139.81     -403.964 -9.15423e-15      90415.9
     66.9786      133.657        -1200       103814
    0.448017     0.894025 -6.12323e-17      694.405
     1133.31     -421.862 -9.15423e-15       104650
     69.0749      132.585        -1200       104650
     0.46204     0.886859 -6.12323e-17          700
     1126.52     -439.656 -9.15423e-15       104650
     71.1541      131.481        -1200       104650
    0.475947     0.879474 -6.12323e-17          700
     1119.46      -457.34 -9.15423e-15       104650
     73.2157      130.345        -1200       104650
    0.489737      0.87187 -6.12323e-17          700
     1112.12     -474.911 -9.15423e-15      92590.4
     75.2591      129.176        -1200       103834
    0.503406      0.86405 -6.12323e-17      694.541
      1104.5     -492.364 -9.15423e-15      93495.8
     77.2839      127.974        -1200       103870
    0.516949     0.856016 -6.12323e-17      694.779
     1096.61     -509.696 -9.15423e-15       104650
     79.2895      126.742        -1200       104650
    0.530364      0.84777 -6.12323e-17          700
     1088.45       -526.9 -9.15423e-15       104650
     81.2754      125.477        -1200       104650
    0.543648     0.839313 -6.12323e-17          700
     1080.02     -543.975 -9.15423e-15       104650
     83.2412      124.182        -1200       104650
    0.556797     0.830649 -6.12323e-17          700
     1071.32     -560.914 -9.15423e-15       104650
     85.1863      122.856        -1200       104650
    0.569808     0.821778 -6.12323e-17          700
     1062.35     -577.714 -9.15423e-15       104650
     87.1103      121.499        -1200       104650
    0.582678     0.812703 -6.12323e-17          700
     1053.13     -594.371 -9.15423e-15      91720.6
     89.0127      120.112        -1200       103557
    0.595403     0.803427 -6.12323e-17       692.69
     1043.64     -610.881 -9.15423e-15      93902.7
     90.8931      118.696        -1200       103714
     0.60798     0.793952 -6.12323e-17      693.739
     1033.89     -627.239 -9.15423e-15      92180.8
     92.7509       117.25        -1200       103531
    0.620407      0.78428 -6.12323e-17      692.518
     1023.88     -643.441 -9.15423e-15      92305.9
     94.5856      115.775        -1200       103510
     0.63268     0.774413 -6.12323e-17      692.372
     1013.62     -659.484 -9.15423e-15      92747.8
      96.397      114.271        -1200       103518
    0.644796     0.764355 -6.12323e-17      692.429
     1003.11     -675.363 -9.15423e-15       104650
     98.1844      112.739        -1200       104650
    0.656752     0.754107 -6.12323e-17          700
     992.353     -691.075 -9.15423e-15       104650
     99.9475      111.179        -1200       104650
    0.668545     0.743671 -6.12323e-17          700
     981.348     -706.616 -9.15423e-15      93066.5
     101.686      109.591        -1200       103450
    0.680173     0.733052 -6.12323e-17      691.971
       970.1     -721.981 -9.15423e-15       104650
     103.399      107.976        -1200       104650
    0.691632     0.722251 -6.12323e-17          700
      958.61     -737.168 -9.15423e-15       104650
     105.086      106.335        -1200       104650
    0.702919      0.71127 -6.12323e-17          700
     946.884     -752.171 -9.15423e-15       104650
     106.748      104.667        -1200       104650
    0.714032     0.700113 -6.12323e-17          700
     934.922     -766.988 -9.15423e-15       104650
     108.383      102.973        -1200       104650
    0.724968     0.688783 -6.12323e-17          700
     922.729     -781.615 -9.15423e-15       104650
     109.991      101.254        -1200       104650
    0.735724     0.677282 -6.12323e-17          700
     910.306     -796.048 -9.15423e-15       104650
     111.571      99.5091        -1200       104650
    0.746298     0.665612 -6.12323e-17          700
     897.658     -810.284 -9.15423e-15       104650
     113.125      97.7398        -1200       104650
    0.756686     0.653778 -6.12323e-17          700
     884.788     -824.318 -9.15423e-15       104650
      114.65      95.9464        -1200       104650
    0.766887     0.641782 -6.12323e-17          700
     871.698     -838.149 -9.15423e-15      95381.7
     116.146      94.1291        -1200       103415
    0.776898     0.629626 -6.12323e-17       691.74
     858.392     -851.771 -9.15423e-15       104650
     117.614      92.2885        -1200       104650
    0.786716     0.617315 -6.12323e-17          700
     844.873     -865.182 -9.15423e-15       104650
     119.053      90.4251        -1200       104650
    0.796339      0.60485 -6.12323e-17          700
     831.144     -878.379 -9.15423e-15       104650
     120.462      88.5392        -1200       104650
    0.805765     0.592235 -6.12323e-17          700
      817.21     -891.358 -9.15423e-15       104650
     121.841      86.6313        -1200       104650
    0.814991     0.579474 -6.12323e-17          700
     803.072     -904.116 -9.15423e-15       104650
      123.19       84.702        -1200       104650
    0.824015     0.566568 -6.12323e-17          700
     788.736     -916.649 -9.15423e-15       104650
     124.509      82.7516        -1200       104650
    0.832834     0.553523 -6.12323e-17          700
     774.204     -928.956 -9.15423e-15       104650
     125.796      80.7808        -1200       104650
    0.841447      0.54034 -6.12323e-17          700
      759.48     -941.032 -9.15423e-15       104650
     127.053      78.7899        -1200       104650
    0.849851     0.527023 -6.12323e-17          700
     744.568     -952.874 -9.15423e-15       104650
     128.278      76.7795        -1200       104650
    0.858045     0.513575 -6.12323e-17          700
     729.471      -964.48 -9.15423e-15       104650
     129.471        74.75        -1200       104650
    0.866025          0.5 -6.12323e-17          700
     714.193     -975.848 -9.15423e-15       104650
     130.632       72.702        -1200       104650
    0.873791     0.486301 -6.12323e-17          700
     698.738     -986.973 -9.15423e-15      96086.9
      131.76       70.636        -1200       103035
    0.881341     0.472481 -6.12323e-17      689.199
      683.11     -997.853 -9.15423e-15       104650
     132.856      68.5524        -1200       104650
    0.888671     0.458545 -6.12323e-17          700
     667.312     -1008.49 -9.15423e-15       104650
     133.919      66.4519        -1200       104650
    0.895782     0.444494 -6.12323e-17          700
     651.349     -1018.87 -9.15423e-15       104650
     134.949      64.3348        -1200       104650
     0.90267     0.430333 -6.12323e-17          700
     635.225        -1029 -9.15423e-15      97054.9
     135.945      62.2019        -1200       103025
    0.909334     0.416066 -6.12323e-17      689.128
     618.943     -1038.87 -9.15423e-15       104650
     136.908      60.0535        -1200       104650
    0.915773     0.401695 -6.12323e-17          700
     602.507     -1048.49 -9.15423e-15      97134.5
     137.837      57.8902        -1200       102931
    0.921985     0.387225 -6.12323e-17      688.499
     585.922     -1057.85 -9.15423e-15       104650
     138.731      55.7125        -1200       104650
    0.927968     0.372659 -6.12323e-17          700
     569.192     -1066.94 -9.15423e-15       104650
     139.591      53.5211        -1200       104650
    0.933721        0.358 -6.12323e-17          700
      552.32     -1075.78 -9.15423e-15       104650
     140.417      51.3163        -1200       104650
    0.939243     0.343253 -6.12323e-17          700
     535.312     -1084.34 -9.15423e-15       104650
     141.207      49.0989        -1200       104650
    0.944532      0.32842 -6.12323e-17          700
     518.171     -1092.63 -9.15423e-15       104650
     141.963      46.8692        -1200       104650
    0.949586     0.313507 -6.12323e-17          700
     500.901     -1100.66 -9.15423e-15       104650
     142.684       44.628        -1200       104650
    0.954405     0.298515 -6.12323e-17          700
     483.508     -1108.41 -9.15423e-15       104650
     143.369      42.3756        -1200       104650
    0.958987     0.283449 -6.12323e-17          700
     465.994     -1115.89 -9.15423e-15       104650
     144.018      40.1128        -1200       104650
    0.963332     0.268313 -6.12323e-17          700
     448.365     -1123.08 -9.15423e-15       104650
     144.632        37.84        -1200       104650
    0.967437     0.253111 -6.12323e-17          700
     430.624     -1130.01 -9.15423e-15       104650
      145.21      35.5579        -1200       104650
    0.971303     0.237845 -6.12323e-17          700
     412.777     -1136.65 -9.15423e-15       104650
     145.752      33.2669        -1200       104650
    0.974928     0.222521 -6.12323e-17          700
     394.827     -1143.01 -9.15423e-15       104650
     146.257      30.9676        -1200       104650
    0.978311     0.207141 -6.12323e-17          700
      376.78     -1149.08 -9.15423e-15       100455
     146.727      28.6607        -1200       103016
    0.981451     0.191711 -6.12323e-17      689.073
     358.639     -1154.87 -9.15423e-15       104650
      147.16      26.3467        -1200       104650
    0.984349     0.176232 -6.12323e-17          700
     340.409     -1160.38 -9.15423e-15       100828
     147.557      24.0262        -1200       102993
    0.987002      0.16071 -6.12323e-17      688.917
     322.095     -1165.59 -9.15423e-15       104650
     147.917      21.6997        -1200       104650
     0.98941     0.145148 -6.12323e-17          700
     303.701     -1170.52 -9.15423e-15       104650
      148.24      19.3678        -1200       104650
    0.991573      0.12955 -6.12323e-17          700
     285.231     -1175.16 -9.15423e-15       101391
     148.527      17.0311        -1200       102953
     0.99349      0.11392 -6.12323e-17      688.647
     266.691      -1179.5 -9.15423e-15       104650
     148.777      14.6902        -1200       104650
    0.995161     0.098262 -6.12323e-17          700
     248.085     -1183.56 -9.15423e-15       104650
     148.989      12.3456        -1200       104650
    0.996584    0.0825793 -6.12323e-17          700
     229.417     -1187.32 -9.15423e-15       102328
     149.165      9.99799        -1200       103140
    0.997761    0.0668762 -6.12323e-17      689.903
     210.692     -1190.78 -9.15423e-15       104650
     149.304       7.6479        -1200       104650
    0.998691    0.0511565 -6.12323e-17          700
     191.915     -1193.95 -9.15423e-15       104650
     149.406       5.2959        -1200       104650
    0.999372    0.0354241 -6.12323e-17          700
     173.091     -1196.82 -9.15423e-15       104650
     149.471      2.94259        -1200       104650
    0.999806    0.0196829 -6.12323e-17          700
     154.223      -1199.4 -9.15423e-15       104650
     149.499     0.588555        -1200       104650
    0.999992   0.00393682 -6.12323e-17          700
     135.317     -1201.68 -9.15423e-15       104650
      149.49     -1.76563        -1200       104650
     0.99993   -0.0118102 -6.12323e-17          700
     116.378     -1203.66 -9.15423e-15       104650
     149.443     -4.11937        -1200       104650
     0.99962   -0.0275543 -6.12323e-17          700
     97.4099     -1205.35 -9.15423e-15       103597
      149.36      -6.4721        -1200       103036
    0.999062   -0.0432916 -6.12323e-17      689.204
     78.4176     -1206.73 -9.15423e-15       104650
     149.239     -8.82322        -1200       104650
    0.998257   -0.0590182 -6.12323e-17          700
     59.4059     -1207.82 -9.15423e-15       104650
     149.082     -11.1721        -1200       104650
    0.997204   -0.0747301 -6.12323e-17          700
     40.3794      -1208.6 -9.15423e-15       104650
     148.888     -13.5183        -1200       104650
    0.995903   -0.0904235 -6.12323e-17          700
     21.3429     -1209.09 -9.15423e-15       104650
     148.656     -15.8611        -1200       104650
    0.994356    -0.106094 -6.12323e-17          700
     2.30113     -1209.27 -9.15423e-15       104650
     148.388        -18.2        -1200       104650
    0.992562    -0.121739 -6.12323e-17          700
    -16.7412     -1209.16 -9.15423e-15       104854
     148.083     -20.5344        -1200       102849
    0.990522    -0.137354 -6.12323e-17      687.952
    -35.7794     -1208.75 -9.15423e-15       104650
     147.741     -22.8636        -1200       104650
    0.988236    -0.152934 -6.12323e-17          700
    -54.8087     -1208.03 -9.15423e-15       105214
     147.363     -25.1872        -1200       103134
    0.985706    -0.168476 -6.12323e-17      689.859
    -73.8245     -1207.02 -9.15423e-15       104650
     146.948     -27.5046        -1200       104650
    0.982931    -0.183977 -6.12323e-17          700
    -92.8219     -1205.71 -9.15423e-15       104650
     146.497     -29.8151        -1200       104650
    0.979912    -0.199432 -6.12323e-17          700
    -111.796      -1204.1 -9.15423e-15       104650
     146.009     -32.1183        -1200       104650
     0.97665    -0.214838 -6.12323e-17          700
    -130.743     -1202.19 -9.15423e-15       106020
     145.485     -34.4134        -1200       103125
    0.973146     -0.23019 -6.12323e-17      689.803
    -149.657     -1199.98 -9.15423e-15       106470
     144.925     -36.7001        -1200       102888
      0.9694    -0.245485 -6.12323e-17      688.212
    -168.534     -1197.48 -9.15423e-15       104650
     144.329     -38.9776        -1200       104650
    0.965414     -0.26072 -6.12323e-17          700
     -187.37     -1194.67 -9.15423e-15       106597
     143.698     -41.2455        -1200       103156
    0.961189     -0.27589 -6.12323e-17       690.01
    -206.159     -1191.57 -9.15423e-15       104650
     143.031     -43.5031        -1200       104650
    0.956726    -0.290991 -6.12323e-17          700
    -224.896     -1188.18 -9.15423e-15       104650
     142.328       -45.75        -1200       104650
    0.952025     -0.30602 -6.12323e-17          700
    -243.578     -1184.49 -9.15423e-15       104650
      141.59     -47.9855        -1200       104650
    0.947088    -0.320973 -6.12323e-17          700
      -262.2     -1180.51 -9.15423e-15       107508
     140.817     -50.2091        -1200       103115
    0.941917    -0.335847 -6.12323e-17      689.734
    -280.757     -1176.23 -9.15423e-15       104650
     140.008     -52.4203        -1200       104650
    0.936511    -0.350638 -6.12323e-17          700
    -299.244     -1171.67 -9.15423e-15       107772
     139.166     -54.6185        -1200       103198
    0.930874    -0.365341 -6.12323e-17       690.29
    -317.656     -1166.81 -9.15423e-15       104650
     138.288     -56.8031        -1200       104650
    0.925005    -0.379954 -6.12323e-17          700
     -335.99     -1161.66 -9.15423e-15       108226
     137.377     -58.9736        -1200       103188
    0.918908    -0.394473 -6.12323e-17      690.219
    -354.241     -1156.23 -9.15423e-15       108773
     136.431     -61.1296        -1200       103062
    0.912582    -0.408893 -6.12323e-17      689.379
    -372.404     -1150.51 -9.15423e-15       104650
     135.452     -63.2703        -1200       104650
     0.90603    -0.423213 -6.12323e-17          700
    -390.474      -1144.5 -9.15423e-15       104650
     134.438     -65.3954        -1200       104650
    0.899254    -0.437427 -6.12323e-17          700
    -408.448     -1138.21 -9.15423e-15       109551
     133.392     -67.5042        -1200       103050
    0.892254    -0.451533 -6.12323e-17      689.295
     -426.32     -1131.64 -9.15423e-15       109317
     132.313     -69.5963        -1200       103202
    0.885033    -0.465527 -6.12323e-17      690.312
    -444.087     -1124.78 -9.15423e-15       104650
       131.2     -71.6712        -1200       104650
    0.877593    -0.479406 -6.12323e-17          700
    -461.744     -1117.65 -9.15423e-15       104650
     130.055     -73.7283        -1200       104650
    0.869935    -0.493166 -6.12323e-17          700
    -479.286     -1110.24 -9.15423e-15       104650
     128.878     -75.7671        -1200       104650
    0.862062    -0.506803 -6.12323e-17          700
    -496.709     -1102.56 -9.15423e-15       104650
     127.669     -77.7871        -1200       104650
    0.853974    -0.520315 -6.12323e-17          700
    -514.009      -1094.6 -9.15423e-15       104650
     126.428     -79.7878        -1200       104650
    0.845675    -0.533698 -6.12323e-17          700
    -531.181     -1086.37 -9.15423e-15       104650
     125.156     -81.7687        -1200       104650
    0.837166    -0.546948 -6.12323e-17          700
    -548.222     -1077.87 -9.15423e-15       111183
     123.853     -83.7294        -1200       103174
     0.82845    -0.560063 -6.12323e-17      690.128
    -565.127      -1069.1 -9.15423e-15       104650
     122.519     -85.6693        -1200       104650
    0.819528    -0.573039 -6.12323e-17          700
    -581.892     -1060.07 -9.15423e-15       104650
     121.155      -87.588        -1200       104650
    0.810403    -0.585873 -6.12323e-17          700
    -598.512     -1050.78 -9.15423e-15       104650
     119.761     -89.4849        -1200       104650
    0.801077    -0.598561 -6.12323e-17          700
    -614.984     -1041.22 -9.15423e-15       110841
     118.337     -91.3596        -1200       103459
    0.791552    -0.611101 -6.12323e-17      692.031
    -631.304     -1031.41 -9.15423e-15       104650
     116.884     -93.2117        -1200       104650
    0.781831     -0.62349 -6.12323e-17          700
    -647.467     -1021.34 -9.15423e-15       104650
     115.402     -95.0407        -1200       104650
    0.771917    -0.635724 -6.12323e-17          700
    -663.469     -1011.02 -9.15423e-15       104650
     113.891     -96.8461        -1200       104650
     0.76181      -0.6478 -6.12323e-17          700
    -679.307     -1000.45 -9.15423e-15       104650
     112.352     -98.6275        -1200       104650
    0.751515    -0.659716 -6.12323e-17          700
    -694.977     -989.625 -9.15423e-15       104650
     110.785     -100.384        -1200       104650
    0.741034    -0.671468 -6.12323e-17          700
    -710.474     -978.559 -9.15423e-15       104650
      109.19     -102.116        -1200       104650
    0.730368    -0.683053 -6.12323e-17          700
    -725.795      -967.25 -9.15423e-15       112507
     107.569     -103.823        -1200       103486
    0.719522     -0.69447 -6.12323e-17      692.211
    -740.936     -955.701 -9.15423e-15       104650
      105.92     -105.504        -1200       104650
    0.708497    -0.705714 -6.12323e-17          700
    -755.893     -943.915 -9.15423e-15       113680
     104.246     -107.159        -1200       103405
    0.697297    -0.716783 -6.12323e-17       691.67
    -770.663     -931.895 -9.15423e-15       104650
     102.546     -108.787        -1200       104650
    0.685923    -0.727674 -6.12323e-17          700
    -785.242     -919.644 -9.15423e-15       104650
      100.82     -110.388        -1200       104650
     0.67438    -0.738385 -6.12323e-17          700
    -799.626     -907.165 -9.15423e-15       104650
      99.069     -111.962        -1200       104650
    0.662669    -0.748912 -6.12323e-17          700
    -813.811     -894.461 -9.15423e-15       114013
     97.2937     -113.509        -1200       103531
    0.650794    -0.759254 -6.12323e-17      692.512
    -827.795     -881.536 -9.15423e-15       114186
     95.4943     -115.026        -1200       103550
    0.638758    -0.769408 -6.12323e-17      692.642
    -841.574     -868.391 -9.15423e-15       104650
     93.6712     -116.516        -1200       104650
    0.626563    -0.779371 -6.12323e-17          700
    -855.144     -855.032 -9.15423e-15       104650
     91.8248     -117.977        -1200       104650
    0.614213    -0.789141 -6.12323e-17          700
    -868.502      -841.46 -9.15423e-15       104650
     89.9557     -119.408        -1200       104650
     0.60171    -0.798714 -6.12323e-17          700
    -881.644      -827.68 -9.15423e-15       115270
     88.0642      -120.81        -1200       103589
    0.589059     -0.80809 -6.12323e-17      692.904
    -894.568     -813.694 -9.15423e-15       104650
      86.151     -122.181        -1200       104650
    0.576261    -0.817266 -6.12323e-17          700
     -907.27     -799.507 -9.15423e-15       104650
     84.2163     -123.523        -1200       104650
     0.56332    -0.826239 -6.12323e-17          700
    -919.747     -785.121 -9.15423e-15       114559
     82.2608     -124.834        -1200       103764
     0.55024    -0.835007 -6.12323e-17      694.072
    -931.996     -770.541 -9.15423e-15       104650
     80.2849     -126.113        -1200       104650
    0.537023    -0.843568 -6.12323e-17          700
    -944.014     -755.769 -9.15423e-15       104650
     78.2891     -127.362        -1200       104650
    0.523673    -0.851919 -6.12323e-17          700
    -955.798     -740.811 -9.15423e-15       116555
     76.2739     -128.579        -1200       103700
    0.510193     -0.86006 -6.12323e-17      693.645
    -967.345     -725.668 -9.15423e-15       104650
     74.2397     -129.764        -1200       104650
    0.496587    -0.867987 -6.12323e-17          700
    -978.652     -710.346 -9.15423e-15       104650
     72.1872     -130.917        -1200       104650
    0.482857    -0.875699 -6.12323e-17          700
    -989.716     -694.847 -9.15423e-15       104650
     70.1167     -132.037        -1200       104650
    0.469008    -0.883194 -6.12323e-17          700
    -1000.53     -679.176 -9.15423e-15       114805
     68.0289     -133.125        -1200       103960
    0.455043     -0.89047 -6.12323e-17      695.381
    -1011.11     -663.337 -9.15423e-15       114805
     65.9241      -134.18        -1200       103988
    0.440964    -0.897525 -6.12323e-17      695.571
    -1021.43     -647.333 -9.15423e-15       104650
     63.8031     -135.201        -1200       104650
    0.426776    -0.904357 -6.12323e-17          700
    -1031.49     -631.169 -9.15423e-15       104650
     61.6662     -136.189        -1200       104650
    0.412483    -0.910965 -6.12323e-17          700
     -1041.3     -614.848 -9.15423e-15       104650
      59.514     -137.143        -1200       104650
    0.398087    -0.917348 -6.12323e-17          700
    -1050.86     -598.375 -9.15423e-15       115181
     57.3471     -138.064        -1200       104075
    0.383593    -0.923502 -6.12323e-17      696.156
    -1060.15     -581.753 -9.15423e-15       115323
     55.1659      -138.95        -1200       104095
    0.369003    -0.929428 -6.12323e-17      696.285
    -1069.18     -564.987 -9.15423e-15       104650
     52.9711     -139.801        -1200       104650
    0.354322    -0.935124 -6.12323e-17          700
    -1077.94     -548.081 -9.15423e-15       104650
     50.7631     -140.618        -1200       104650
    0.339553    -0.940587 -6.12323e-17          700
    -1086.44     -531.039 -9.15423e-15       117418
     48.5426       -141.4        -1200       104080
    0.324699    -0.945817 -6.12323e-17      696.184
    -1094.67     -513.865 -9.15423e-15       104650
       46.31     -142.147        -1200       104650
    0.309766    -0.950813 -6.12323e-17          700
    -1102.62     -496.564 -9.15423e-15       104650
     44.0659     -142.858        -1200       104650
    0.294755    -0.955573 -6.12323e-17          700
     -1110.3      -479.14 -9.15423e-15       117004
     41.8109     -143.534        -1200       104185
    0.279672    -0.960096 -6.12323e-17      696.888
    -1117.71     -461.597 -9.15423e-15       104650
     39.5455     -144.175        -1200       104650
    0.264519    -0.964381 -6.12323e-17          700
    -1124.84      -443.94 -9.15423e-15       104650
     37.2703      -144.78        -1200       104650
      0.2493    -0.968426 -6.12323e-17          700
    -1131.69     -426.172 -9.15423e-15       104650
     34.9859     -145.349        -1200       104650
     0.23402    -0.972232 -6.12323e-17          700
    -1138.26     -408.299 -9.15423e-15       104650
     32.6928     -145.882        -1200       104650
    0.218681    -0.975796 -6.12323e-17          700
    -1144.55     -390.324 -9.15423e-15       116969
     30.3916     -146.378        -1200       104323
    0.203288    -0.979119 -6.12323e-17      697.812
    -1150.56     -372.253 -9.15423e-15       104650
     28.0829     -146.839        -1200       104650
    0.187845    -0.982199 -6.12323e-17          700
    -1156.27      -354.09 -9.15423e-15       104650
     25.7672     -147.263        -1200       104650
    0.172356    -0.985035 -6.12323e-17          700
    -1161.71     -335.838 -9.15423e-15       104650
     23.4451      -147.65        -1200       104650
    0.156823    -0.987627 -6.12323e-17          700
    -1166.85     -317.503 -9.15423e-15       104650
     21.1172     -148.001        -1200       104650
    0.141252    -0.989974 -6.12323e-17          700
    -1171.71      -299.09 -9.15423e-15       104650
      18.784     -148.315        -1200       104650
    0.125646    -0.992075 -6.12323e-17          700
    -1176.27     -280.603 -9.15423e-15       104650
     16.4462     -148.593        -1200       104650
    0.110008    -0.993931 -6.12323e-17          700
    -1180.54     -262.045 -9.15423e-15       104650
     14.1043     -148.833        -1200       104650
   0.0943435     -0.99554 -6.12323e-17          700
    -1184.52     -243.423 -9.15423e-15       104650
      11.759     -149.037        -1200       104650
   0.0786553    -0.996902 -6.12323e-17          700
    -1188.21     -224.741 -9.15423e-15       104650
     9.41068     -149.204        -1200       104650
   0.0629477    -0.998017 -6.12323e-17          700
     -1191.6     -206.003 -9.15423e-15       104650
     7.06005     -149.333        -1200       104650
   0.0472244    -0.998884 -6.12323e-17          700
     -1194.7     -187.213 -9.15423e-15       104650
     4.70767     -149.426        -1200       104650
   0.0314895    -0.999504 -6.12323e-17          700
     -1197.5     -168.377 -9.15423e-15       104650
     2.35413     -149.481        -1200       104650
   0.0157467    -0.999876 -6.12323e-17          700
       -1200       -149.5 -9.15423e-15       104650
 5.49254e-14       -149.5        -1200       104650
 3.67394e-16           -1 -6.12323e-17          700
